camera intrinsic matrix :
[3387.995376358825, 0, 1556.750057926887;
 0, 3393.624172737622, 2038.131899548404;
 0, 0, 1]
distortion parameter :
[0.04396585367110321, 0.03091460899578318, 0.001912920237341945, 4.594920022017815e-05, -0.1559519674327589]
the 1th picture rotation vector :
[-180.5758118023203;
 -172.387167407953;
 621.1764411389915]
the 1th picture rotation matrix :
[-0.8111176450817208, 0.4161238863486088, -0.4110098259740438;
 -0.1447993097173542, -0.8237137362939067, -0.5482051080992497;
 -0.566675679505007, -0.3851448972151422, 0.7283831975043605]
the 1th picture translate vector :
[-180.5758118023203;
 -172.387167407953;
 621.1764411389915]
the 2th picture rotation vector :
[-163.5070797055292;
 -87.12551322638738;
 681.5701963086915]
the 2th picture rotation matrix :
[-0.7503861473602288, -0.4562951304507077, -0.478241971994141;
 0.5619246471638983, -0.821360181944995, -0.09802113254300342;
 -0.3480823476702051, -0.3422896513806053, 0.8727407827059199]
the 2th picture translate vector :
[-163.5070797055292;
 -87.12551322638738;
 681.5701963086915]
the 3th picture rotation vector :
[-170.8838421900898;
 -224.8282221476185;
 772.8291655179214]
the 3th picture rotation matrix :
[0.9603972970653436, 0.2697696477090482, 0.06972351801593374;
 -0.2650722511330644, 0.9617022681881621, -0.06975277084814697;
 -0.08587044584041623, 0.04850860270797835, 0.9951247067551321]
the 3th picture translate vector :
[-170.8838421900898;
 -224.8282221476185;
 772.8291655179214]
the 4th picture rotation vector :
[105.672303505711;
 -190.0213952611934;
 643.830612720681]
the 4th picture rotation matrix :
[0.5764224309243919, -0.7999908485088999, -0.1665887854245441;
 0.7622414190911965, 0.5998668350641574, -0.2432032055955471;
 0.2944914262742695, 0.01320691077130666, 0.9555628589259971]
the 4th picture translate vector :
[105.672303505711;
 -190.0213952611934;
 643.830612720681]
the 5th picture rotation vector :
[-182.896950965517;
 -192.8036181137716;
 744.5810708817332]
the 5th picture rotation matrix :
[0.4863738164715547, 0.8681652250413171, 0.0986390018190251;
 -0.8069316570333834, 0.4896053402034918, -0.3303754102859068;
 -0.3351146244619183, 0.08109101598316734, 0.9386812215009763]
the 5th picture translate vector :
[-182.896950965517;
 -192.8036181137716;
 744.5810708817332]

